13
1000000001 2 1 3 1000000001 1000000001 1000000001 1000000001 1000000001	1000000001 1000000001 1000000001 1000000001
2 1000000001 2 1000000001 1000000001 5 5 1000000001 1000000001 1000000001 1000000001 1000000001	1000000001
1 2 1000000001 4 1000000001 5 1000000001 1000000001 1000000001 1000000001 1000000001 1000000001	1000000001
3 1000000001 4 1000000001 5 5 1000000001 1000000001 1000000001 1000000001 1000000001 1000000001	1000000001
1000000001 1000000001 1000000001 5 1000000001 6	1000000001 1000000001	1000000001 6 1000000001	1000000001 1000000001
1000000001 5 5 5 6 1000000001 6 6 6 6 1000000001 1000000001 1000000001
1000000001 5 1000000001 1000000001 1000000001 6	1000000001 6 1000000001	1000000001 1000000001 1000000001 1000000001
1000000001 1000000001 1000000001 1000000001 1000000001 6 1000000001 1000000001 7 1000000001 1000000001 7 7
1000000001 1000000001 1000000001 1000000001 1000000001 6 1000000001 7 1000000001 7 7 1000000001	1000000001
1000000001 1000000001 1000000001 1000000001 6 6	1000000001 1000000001 7	1000000001 7 7 1000000001
1000000001 1000000001 1000000001 1000000001 1000000001 1000000001 1000000001 1000000001 7 7 1000000001 8 1000000001
1000000001 1000000001 1000000001 1000000001 1000000001 1000000001 1000000001 7 1000000001 7 8 1000000001 8
1000000001 1000000001 1000000001 1000000001 1000000001 1000000001 1000000001 7 1000000001 1000000001 1000000001 8 1000000001
